			Temp	Hi	Low	Out	Dew	Wind	Wind	Wind	Hi	Hi	Wind	Heat	THW	THSW			Rain	Solar	Solar	Hi Solar	UV	UV	Hi	Heat	Cool	In	In	In	In	In	In Air	Temp	Hum		Leaf	Leaf	Leaf	Leaf	Wind	Wind	ISS	Arc.
	Date	Time	Out	Temp	Temp	Hum	Pt.	Speed	Dir	Run	Speed	Dir	Chill	Index	Index	Index	Bar	Rain	Rate	Rad.	Energy	Rad.	Index	Dose	UV	D-D	D-D	Temp	Hum	Dew	Heat	EMC	Density	2nd	2nd	ET	Wet 1	Wet 2	Temp 1	Temp 2	Samp	Tx	Recept	Int.
	--------	--------	-------	-------	------	-------	------	------	-------	------	-------	-----	-------	-------	-------	-------	--------	------	------	-------	--------	---------	------	-------	------	--------	--------	------	-------	-------	-------	------	---------	-------	-------	-------	-------	-------	--------	--------	------	------	--------	--------
1	23/09/2012	12:10a	24.7	25.2	24.7	41	10.6	0	---	0	0	---	24.7	24.3	24.3	22.8	1011.8	0	0	0	0	0	0	0	0	0	0.044	27.3	31	8.7	26.2	6.15	1.1609	---	---	0	---	---	---	---	229	1	100	10
2	23/09/2012	12:20a	24.7	24.7	24.5	42	10.9	0	---	0	0	---	24.7	24.3	24.3	22.8	1011.8	0	0	0	0	0	0	0	0	0	0.044	27.3	31	8.7	26.2	6.15	1.1609	---	---	0	---	---	---	---	231	1	100	10
3	23/09/2012	12:30a	24.7	24.7	24.7	42	10.9	0	---	0	0	---	24.7	24.3	24.3	22.8	1011.8	0	0	0	0	0	0	0	0	0	0.044	27.3	31	8.7	26.2	6.15	1.1608	---	---	0	---	---	---	---	229	1	100	10
4	23/09/2012	12:40a	24.7	24.8	24.6	42	10.9	0	---	0	0	---	24.7	24.3	24.3	22.8	1011.9	0	0	0	0	0	0	0	0	0	0.044	27.2	31	8.6	26.1	6.15	1.1614	---	---	0	---	---	---	---	228	1	100	10
5	23/09/2012	12:50a	24.7	24.8	24.7	42	10.9	0	---	0	0	---	24.7	24.3	24.3	22.8	1011.8	0	0	0	0	0	0	0	0	0	0.044	27.2	31	8.6	26.1	6.15	1.1613	---	---	0	---	---	---	---	233	1	100	10
6	23/09/2012	1:00a	23.9	24.6	23.9	42	10.2	0	---	0	0	---	23.9	23.6	23.6	22.1	1011.9	0	0	0	0	0	0	0	0	0	0.039	27.2	31	8.6	26.1	6.15	1.1614	---	---	0.05	---	---	---	---	232	1	100	10
7	23/09/2012	1:10a	23.9	23.9	23.9	43	10.6	0	---	0	0	---	23.9	23.7	23.7	22.2	1011.9	0	0	0	0	0	0	0	0	0	0.039	27.1	31	8.5	26	6.15	1.162	---	---	0	---	---	---	---	227	1	99.6	10
8	23/09/2012	1:20a	23.7	24.1	23.7	44	10.7	0	---	0	0	---	23.7	23.4	23.4	21.9	1011.9	0	0	0	0	0	0	0	0	0	0.037	27.1	31	8.5	26	6.15	1.162	---	---	0	---	---	---	---	232	1	100	10
9	23/09/2012	1:30a	24.1	24.1	23.7	43	10.7	0	---	0	0	---	24.1	23.8	23.8	22.3	1011.9	0	0	0	0	0	0	0	0	0	0.04	27	31	8.4	25.9	6.15	1.1623	---	---	0	---	---	---	---	232	1	100	10
10	23/09/2012	1:40a	24.1	24.2	24.1	42	10.3	0	---	0	0	---	24.1	23.7	23.7	22.2	1012	0	0	0	0	0	0	0	0	0	0.04	27	31	8.4	25.9	6.15	1.1623	---	---	0	---	---	---	---	227	1	99.6	10
11	23/09/2012	1:50a	23.8	24.1	23.8	44	10.8	0	---	0	0	---	23.8	23.6	23.6	22.1	1012	0	0	0	0	0	0	0	0	0	0.038	26.9	31	8.3	25.8	6.15	1.1629	---	---	0	---	---	---	---	226	1	99.1	10
12	23/09/2012	2:00a	23.9	23.9	23.8	43	10.6	0	---	0	0	---	23.9	23.7	23.7	22.2	1011.9	0	0	0	0	0	0	0	0	0	0.039	26.9	31	8.3	25.8	6.15	1.1628	---	---	0.05	---	---	---	---	223	1	97.8	10
13	23/09/2012	2:10a	23.7	23.9	23.7	44	10.7	0	---	0	0	---	23.7	23.4	23.4	21.9	1012	0	0	0	0	0	0	0	0	0	0.037	26.9	31	8.3	25.8	6.15	1.1629	---	---	0	---	---	---	---	225	1	98.7	10
14	23/09/2012	2:20a	23.3	23.7	23.3	45	10.7	0	---	0	0	---	23.3	23	23	21.5	1011.9	0	0	0	0	0	0	0	0	0	0.035	26.8	31	8.2	25.7	6.15	1.1633	---	---	0	---	---	---	---	223	1	97.8	10
15	23/09/2012	2:30a	22.6	23.3	22.6	46	10.4	0	---	0	0	---	22.6	22.1	22.1	20.5	1011.9	0	0	0	0	0	0	0	0	0	0.03	26.8	31	8.2	25.7	6.15	1.1633	---	---	0	---	---	---	---	228	1	100	10
16	23/09/2012	2:40a	22.8	22.8	22.6	46	10.6	0	---	0	0	---	22.8	22.4	22.4	20.9	1011.9	0	0	0	0	0	0	0	0	0	0.031	26.7	31	8.1	25.6	6.15	1.1638	---	---	0	---	---	---	---	221	1	96.9	10
17	23/09/2012	2:50a	22.6	22.9	22.6	44	9.7	0.9	NNW	0.54	1.8	NNE	22.6	21.9	21.9	20.3	1011.9	0	0	0	0	0	0	0	0	0	0.029	26.7	31	8.1	25.6	6.15	1.1637	---	---	0	---	---	---	---	221	1	96.9	10
18	23/09/2012	3:00a	22.9	22.9	22.5	44	10	0.9	NNE	0.54	2.2	NNE	22.9	22.4	22.4	20.9	1011.7	0	0	0	0	0	0	0	0	0	0.032	26.6	31	8	25.5	6.15	1.164	---	---	0.05	---	---	---	---	220	1	96.5	10
19	23/09/2012	3:10a	22.8	22.9	22.6	45	10.3	0.4	N	0.27	1.8	N	22.8	22.3	22.3	20.8	1011.7	0	0	0	0	0	0	0	0	0	0.031	26.6	31	8	25.5	6.15	1.1641	---	---	0	---	---	---	---	220	1	96.5	10
20	23/09/2012	3:20a	22.3	23	22.3	43	9.1	0.9	NNW	0.54	2.2	NNW	22.3	21.5	21.5	19.9	1011.7	0	0	0	0	0	0	0	0	0	0.028	26.4	31	7.9	25.4	6.16	1.1646	---	---	0	---	---	---	---	227	1	99.6	10
21	23/09/2012	3:30a	22.5	22.5	22.3	45	10	1.8	NNW	1.07	2.2	NW	22.5	21.8	21.8	20.3	1011.7	0	0	0	0	0	0	0	0	0	0.029	26.4	31	7.9	25.4	6.16	1.1646	---	---	0	---	---	---	---	223	1	97.8	10
22	23/09/2012	3:40a	22.8	22.8	22.5	44	9.9	0.9	NNW	0.54	1.8	NNW	22.8	22.2	22.2	20.7	1011.8	0	0	0	0	0	0	0	0	0	0.031	26.3	31	7.8	25.3	6.16	1.1652	---	---	0	---	---	---	---	228	1	100	10
23	23/09/2012	3:50a	23.2	23.2	22.8	42	9.5	0.9	NNW	0.54	1.3	NNW	23.2	22.7	22.7	21.1	1011.8	0	0	0	0	0	0	0	0	0	0.034	26.3	31	7.8	25.3	6.16	1.1652	---	---	0	---	---	---	---	225	1	98.7	10
24	23/09/2012	4:00a	22.2	23.2	22.2	44	9.4	0.4	NNW	0.27	1.8	NNW	22.2	21.4	21.4	19.8	1011.8	0	0	0	0	0	0	0	0	0	0.027	26.3	31	7.8	25.3	6.16	1.1652	---	---	0.08	---	---	---	---	224	1	98.2	10
25	23/09/2012	4:10a	22.3	22.5	22.2	44	9.4	0.4	NNW	0.27	1.3	NNW	22.3	21.5	21.5	19.9	1011.9	0	0	0	0	0	0	0	0	0	0.027	26.3	30	7.3	25.2	6.05	1.166	---	---	0	---	---	---	---	223	1	97.8	10
26	23/09/2012	4:20a	22.1	22.3	22.1	44	9.3	0.4	NNW	0.27	1.3	NNW	22.1	21.2	21.2	19.7	1012.1	0	0	0	0	0	0	0	0	0	0.026	26.3	31	7.8	25.3	6.16	1.1658	---	---	0	---	---	---	---	216	1	94.7	10
27	23/09/2012	4:30a	21.3	22.1	21.3	47	9.5	0.4	W	0.27	1.3	W	21.3	20.2	20.2	18.7	1012.1	0	0	0	0	0	0	0	0	0	0.02	26.2	30	7.2	25.2	6.05	1.1667	---	---	0	---	---	---	---	221	1	96.9	10
28	23/09/2012	4:40a	20.4	21.2	20.4	49	9.4	0	W	0	0.4	W	20.4	19.6	19.6	18.1	1012.1	0	0	0	0	0	0	0	0	0	0.015	26.2	31	7.7	25.2	6.17	1.1663	---	---	0	---	---	---	---	217	1	95.2	10
29	23/09/2012	4:50a	20.7	20.7	20.4	48	9.3	0.4	W	0.27	0.9	W	20.7	19.8	19.8	18.2	1012.1	0	0	0	0	0	0	0	0	0	0.017	26.1	31	7.6	25.1	6.17	1.1669	---	---	0	---	---	---	---	220	1	96.5	10
30	23/09/2012	5:00a	21.2	21.2	20.7	47	9.5	0	---	0	0	---	21.2	20.2	20.2	18.6	1012.3	0	0	0	0	0	0	0	0	0	0.02	26.1	30	7.1	25.1	6.05	1.1675	---	---	0.05	---	---	---	---	227	1	99.6	10
31	23/09/2012	5:10a	21	21.3	21	48	9.6	0	---	0	0	---	21	20	20	18.4	1012.3	0	0	0	0	0	0	0	0	0	0.019	25.9	30	7	25	6.05	1.168	---	---	0	---	---	---	---	223	1	97.8	10
32	23/09/2012	5:20a	21.1	21.1	20.9	47	9.3	0	---	0	0	---	21.1	19.9	19.9	18.4	1012.4	0	0	0	0	0	0	0	0	0	0.019	25.9	30	7	25	6.05	1.1681	---	---	0	---	---	---	---	219	1	96.1	10
33	23/09/2012	5:30a	21.1	21.1	21.1	47	9.4	0	---	0	0	---	21.1	20	20	18.4	1012.5	0	0	0	0	0	0	0	0	0	0.019	25.9	30	7	25	6.05	1.1682	---	---	0	---	---	---	---	222	1	97.4	10
34	23/09/2012	5:40a	20.7	21.1	20.7	49	9.6	0	---	0	0	---	20.7	19.8	19.8	18.3	1012.6	0	0	0	0	0	0	0	0	0	0.017	25.8	30	6.9	24.9	6.05	1.1688	---	---	0	---	---	---	---	223	1	97.8	10
35	23/09/2012	5:50a	20.8	20.8	20.7	48	9.4	0	---	0	0	---	20.8	19.8	19.8	18.3	1012.7	0	0	0	0	0	0	0	0	0	0.017	25.8	30	6.9	24.9	6.05	1.1689	---	---	0	---	---	---	---	221	1	96.9	10
36	23/09/2012	6:00a	20.9	21	20.8	48	9.5	0	---	0	0	---	20.9	19.9	19.9	18.4	1012.6	0	0	0	0	0	0	0	0	0	0.018	25.7	30	6.8	24.8	6.05	1.1694	---	---	0.05	---	---	---	---	224	1	98.2	10
37	23/09/2012	6:10a	20.9	20.9	20.8	48	9.5	0	---	0	0	---	20.9	19.9	19.9	18.3	1012.8	0	0	0	0	0	0	0	0	0	0.018	25.7	30	6.8	24.8	6.05	1.1696	---	---	0	---	---	---	---	226	1	99.1	10
38	23/09/2012	6:20a	21.2	21.2	20.9	46	9.1	0	---	0	0	---	21.2	20	20	18.4	1013	0	0	0	0	0	0	0	0	0	0.02	25.6	30	6.7	24.7	6.05	1.1703	---	---	0	---	---	---	---	224	1	98.2	10
39	23/09/2012	6:30a	21.2	21.3	21.2	47	9.4	0	---	0	0	---	21.2	20.1	20.1	18.5	1013	0	0	0	0	0	0	0	0	0	0.02	25.6	30	6.7	24.7	6.05	1.1703	---	---	0	---	---	---	---	226	1	99.1	10
40	23/09/2012	6:40a	20.4	21.1	20.4	49	9.4	0	---	0	0	---	20.4	19.6	19.6	18.1	1013.1	0	0	0	0	0	0	0	0	0	0.015	25.6	30	6.7	24.7	6.05	1.1705	---	---	0	---	---	---	---	226	1	99.1	10
41	23/09/2012	6:50a	20.5	20.5	20.3	49	9.4	0	---	0	0	---	20.5	19.7	19.7	18.2	1013.1	0	0	7	0.1	9	0	0	0	0	0.015	25.6	30	6.7	24.7	6.05	1.1708	---	---	0	---	---	---	---	226	1	99.1	10
42	23/09/2012	7:00a	20.8	20.8	20.5	48	9.4	0	---	0	0	---	20.8	19.8	19.8	18.4	1013.3	0	0	15	0.22	19	0	0	0	0	0.017	25.6	30	6.7	24.7	6.05	1.1709	---	---	0.03	---	---	---	---	227	1	99.6	10
43	23/09/2012	7:10a	20.9	20.9	20.8	48	9.5	0	---	0	0	---	20.9	19.9	19.9	18.7	1013.3	0	0	24	0.34	26	0	0	0	0	0.018	25.6	30	6.7	24.7	6.05	1.171	---	---	0	---	---	---	---	226	1	99.1	10
44	23/09/2012	7:20a	20.7	20.9	20.7	48	9.3	0	---	0	0	---	20.7	19.8	19.8	19.6	1013.5	0	0	34	0.49	42	0	0	0	0	0.017	25.4	30	6.6	24.6	6.05	1.1717	---	---	0	---	---	---	---	225	1	98.7	10
45	23/09/2012	7:30a	21	21	20.7	47	9.3	0	---	0	0	---	21	19.9	19.9	20.1	1013.6	0	0	51	0.73	76	0	0	0	0	0.019	25.4	30	6.6	24.6	6.05	1.1718	---	---	0	---	---	---	---	223	1	97.8	10
46	23/09/2012	7:40a	21.2	21.2	21	47	9.4	0	---	0	0	---	21.2	20.1	20.1	21.1	1013.6	0	0	93	1.33	141	0	0	0	0	0.02	25.4	30	6.6	24.6	6.05	1.1718	---	---	0	---	---	---	---	223	1	97.8	10
47	23/09/2012	7:50a	22.4	22.4	21.2	45	9.9	0	W	0	0.4	W	22.4	21.7	21.7	23.9	1013.7	0	0	149	2.14	216	0.2	0.01	0.5	0	0.028	25.4	30	6.6	24.6	6.05	1.1719	---	---	0	---	---	---	---	225	1	98.7	10
48	23/09/2012	8:00a	23.3	23.3	22.4	42	9.6	0	W	0	0.9	W	23.3	22.8	22.8	26.2	1013.8	0	0	216	3.1	255	0.6	0.04	0.7	0	0.034	25.6	30	6.7	24.7	6.05	1.1715	---	---	0.08	---	---	---	---	226	1	99.1	10
49	23/09/2012	8:10a	23.7	23.7	23.3	40	9.3	0	W	0	0.4	W	23.7	23.3	23.3	27.1	1013.9	0	0	256	3.67	299	0.8	0.06	0.9	0	0.037	25.6	30	6.7	24.7	6.05	1.1716	---	---	0	---	---	---	---	227	1	99.6	10
50	23/09/2012	8:20a	24.2	24.2	23.7	38	9	0	W	0	0.4	W	24.2	23.7	23.7	27.7	1013.9	0	0	277	3.97	315	1	0.07	1.2	0	0.041	25.6	30	6.7	24.7	6.05	1.1714	---	---	0	---	---	---	---	228	1	100	10
51	23/09/2012	8:30a	25.6	25.6	24.2	33	8.1	0.4	SSE	0.27	1.8	SSE	25.6	24.8	24.8	29.4	1013.9	0	0	344	4.93	366	1.3	0.09	1.4	0	0.05	25.6	30	6.7	24.7	6.05	1.1714	---	---	0	---	---	---	---	229	1	100	10
52	23/09/2012	8:40a	26	26	25.6	33	8.5	0.9	SSE	0.54	1.8	SSE	26	25.2	25.2	29.9	1014	0	0	362	5.19	388	1.4	0.1	1.5	0	0.053	25.7	30	6.8	24.8	6.05	1.1709	---	---	0	---	---	---	---	227	1	99.6	10
53	23/09/2012	8:50a	26.3	26.3	25.8	32	8.3	0.4	SSE	0.27	1.3	SSE	26.3	25.4	25.4	30.4	1014	0	0	424	6.08	454	1.6	0.11	1.8	0	0.055	25.8	30	6.9	24.9	6.05	1.1705	---	---	0	---	---	---	---	227	1	99.6	10
54	23/09/2012	9:00a	27.2	27.2	26.3	31	8.6	0.4	SSE	0.27	1.3	SSE	27.2	26.1	26.1	31.1	1014	0	0	407	5.83	480	1.8	0.13	1.9	0	0.061	26.1	30	7.1	25.1	6.05	1.1695	---	---	0.23	---	---	---	---	223	1	97.8	10
55	23/09/2012	9:10a	27.3	27.3	27.1	29	7.7	0	SE	0	0.9	SE	27.3	26.1	26.1	30.4	1014	0	0	357	5.12	485	1.9	0.14	2.2	0	0.062	26.2	30	7.2	25.2	6.05	1.169	---	---	0	---	---	---	---	229	1	100	10
56	23/09/2012	9:20a	28.2	28.3	27.3	26	6.8	0.4	SW	0.27	1.3	S	28.2	26.8	26.8	32	1014	0	0	466	6.68	534	2.3	0.16	2.5	0	0.068	26.3	30	7.3	25.2	6.05	1.1685	---	---	0	---	---	---	---	228	1	100	10
57	23/09/2012	9:30a	29.8	29.8	28.2	24	7.1	0	SW	0	1.3	SSE	29.8	28.3	28.3	33.8	1014	0	0	536	7.68	554	2.8	0.2	2.9	0	0.08	26.3	30	7.4	25.3	6.05	1.1681	---	---	0	---	---	---	---	231	1	100	10
58	23/09/2012	9:40a	30.1	30.1	29.7	24	7.3	0.4	SSE	0.27	1.3	SSE	30.1	28.6	28.6	34.1	1013.9	0	0	585	8.39	601	3.1	0.22	3.2	0	0.081	26.6	30	7.6	25.4	6.05	1.167	---	---	0	---	---	---	---	224	1	98.2	10
59	23/09/2012	9:50a	30.6	30.7	30	23	7.1	0.4	S	0.27	1.3	SSW	30.6	28.9	28.9	34.5	1013.9	0	0	590	8.46	605	3.4	0.24	3.5	0	0.085	26.7	30	7.7	25.6	6.05	1.1665	---	---	0	---	---	---	---	228	1	100	10
60	23/09/2012	10:00a	31.4	31.4	30.7	22	7.1	0.4	SSE	0.27	1.3	SSE	31.4	29.5	29.5	35.1	1013.8	0	0	608	8.72	617	3.7	0.26	3.8	0	0.091	26.9	29	7.3	25.7	5.85	1.1658	---	---	0.38	---	---	---	---	224	1	98.2	10
61	23/09/2012	10:10a	32.6	32.6	31.4	21	7.4	0.4	SSE	0.27	1.8	SW	32.6	30.8	30.8	36.4	1013.7	0	0	632	9.06	643	3.9	0.28	4.1	0	0.099	27	29	7.4	25.8	5.85	1.1651	---	---	0	---	---	---	---	223	1	97.8	10
62	23/09/2012	10:20a	33.2	33.4	32.5	20	7.2	0	SE	0	1.8	SE	33.2	31.3	31.3	37	1013.7	0	0	656	9.4	666	4.3	0.31	4.4	0	0.103	27.2	29	7.6	26	5.85	1.1643	---	---	0	---	---	---	---	222	1	97.4	10
63	23/09/2012	10:30a	34.4	34.4	33.2	18	6.7	0	SE	0	0.4	SE	34.4	32.5	32.5	38.2	1013.6	0	0	679	9.73	691	4.6	0.33	4.7	0	0.112	27.4	29	7.8	26.2	5.85	1.1632	---	---	0	---	---	---	---	223	1	97.8	10
64	23/09/2012	10:40a	33.8	34.4	33.7	18	6.2	0.4	SE	0.27	1.3	SE	33.8	31.9	31.9	37.6	1013.4	0	0	717	10.28	747	5	0.36	5.2	0	0.108	27.6	29	8	26.4	5.85	1.1621	---	---	0	---	---	---	---	226	1	99.1	10
65	23/09/2012	10:50a	35.1	35.1	33.8	17	6.4	0	SE	0	1.3	SE	35.1	33.1	33.1	38.8	1013.4	0	0	745	10.68	749	5.3	0.38	5.4	0	0.116	27.8	29	8.2	26.7	5.85	1.161	---	---	0	---	---	---	---	225	1	98.7	10
66	23/09/2012	11:00a	35.8	35.8	35.1	17	6.9	0.4	W	0.27	1.8	W	35.8	33.9	33.9	39.7	1013.3	0	0	740	10.61	745	5.5	0.39	5.6	0	0.121	28	28	7.8	26.8	5.7	1.1605	---	---	0.51	---	---	---	---	226	1	99.1	10
67	23/09/2012	11:10a	36.6	36.6	35.8	15	5.8	0.9	S	0.54	2.2	S	36.6	34.6	34.6	40.3	1013.2	0	0	756	10.84	765	5.7	0.41	5.8	0	0.127	28.1	28	7.9	26.9	5.7	1.16	---	---	0	---	---	---	---	230	1	100	10
68	23/09/2012	11:20a	37.5	37.5	36.6	14	5.5	1.3	NE	0.8	3.6	NNE	37.5	35.4	35.4	41.2	1013.1	0	0	745	10.68	786	5.9	0.42	6	0	0.133	28.3	28	8.1	27.1	5.69	1.1588	---	---	0	---	---	---	---	228	1	100	10
69	23/09/2012	11:30a	36.9	37.5	36.9	14	5	2.2	NE	1.34	4.5	NW	36.9	34.8	34.8	40.5	1013.1	0	0	782	11.21	803	6	0.43	6.2	0	0.129	28.6	28	8.3	27.3	5.68	1.1578	---	---	0	---	---	---	---	222	1	97.4	10
70	23/09/2012	11:40a	36.9	37.1	36.8	14	5	2.7	NNW	1.61	5.8	NNE	36.9	34.7	34.7	40.5	1013	0	0	797	11.43	821	6.3	0.45	6.4	0	0.129	28.7	28	8.4	27.5	5.68	1.1571	---	---	0	---	---	---	---	225	1	98.7	10
71	23/09/2012	11:50a	36.9	36.9	36.6	13	4	2.2	NNW	1.34	4.5	NNE	36.9	34.6	34.6	40.3	1012.9	0	0	809	11.6	814	6.4	0.46	6.5	0	0.129	28.4	28	8.2	27.2	5.69	1.158	---	---	0	---	---	---	---	227	1	99.6	10
72	23/09/2012	12:00p	37.5	37.7	37	13	4.4	2.2	NNW	1.34	4.5	N	37.5	35.2	35.2	40.9	1012.7	0	0	817	11.71	821	6.6	0.47	6.6	0	0.133	28.6	28	8.3	27.3	5.68	1.1574	---	---	0.69	---	---	---	---	221	1	96.9	10
73	23/09/2012	12:10p	37.6	37.8	37.5	12	3.3	2.2	NNW	1.34	4.9	NW	37.6	35	35	40.7	1012.7	0	0	822	11.78	831	6.7	0.48	6.8	0	0.133	28.8	27	7.9	27.6	5.55	1.1567	---	---	0	---	---	---	---	224	1	98.2	10
74	23/09/2012	12:20p	38.2	38.2	37.4	12	3.8	2.2	NNW	1.34	4.9	NNW	38.2	35.6	35.6	41.3	1012.5	0	0	826	11.84	830	6.7	0.48	6.8	0	0.138	29	27	8.1	27.8	5.55	1.1555	---	---	0	---	---	---	---	229	1	100	10
75	23/09/2012	12:30p	37.9	38.1	37.8	11	2.3	3.1	NW	1.88	5.8	NNW	37.9	35.1	35.1	40.7	1012.4	0	0	831	11.91	838	6.8	0.49	6.9	0	0.136	28.7	27	7.8	27.4	5.55	1.1569	---	---	0	---	---	---	---	227	1	99.6	10
76	23/09/2012	12:40p	38.1	38.2	37.9	12	3.7	3.1	NW	1.88	5.4	NNE	38.1	35.5	35.5	41.2	1012.3	0	0	826	11.84	830	6.7	0.48	6.7	0	0.137	28.8	27	7.9	27.6	5.55	1.1563	---	---	0	---	---	---	---	230	1	100	10
77	23/09/2012	12:50p	38.2	38.2	37.9	12	3.8	3.1	NW	1.88	6.3	WNW	38.2	35.7	35.7	41.3	1012.2	0	0	837	12	846	6.8	0.49	6.8	0	0.138	29.1	26	7.6	27.8	5.36	1.1552	---	---	0	---	---	---	---	229	1	100	10
78	23/09/2012	1:00p	38.4	38.4	38.2	11	2.7	2.7	WNW	1.61	5.4	WNW	38.4	35.6	35.6	41.2	1012.1	0	0	840	12.04	846	6.7	0.48	6.8	0	0.139	29.2	25	7.2	27.8	5.26	1.155	---	---	0.79	---	---	---	---	232	1	100	10
79	23/09/2012	1:10p	38.4	38.6	38.3	13	5.2	2.7	NW	1.61	7.2	WNW	38.4	36.1	36.1	41.9	1012	0	0	836	11.98	844	6.6	0.47	6.7	0	0.14	28.9	26	7.5	27.6	5.37	1.1559	---	---	0	---	---	---	---	232	1	100	10
80	23/09/2012	1:20p	38.2	38.5	38.1	14	6	4	WNW	2.41	6.3	NW	38.2	36.1	36.1	41.2	1011.8	0	0	847	12.14	863	6.4	0.46	6.6	0	0.138	29.1	26	7.6	27.8	5.36	1.1547	---	---	0	---	---	---	---	230	1	100	10
81	23/09/2012	1:30p	38.3	38.3	38	14	6.1	4	WNW	2.41	6.3	WNW	38.3	36.2	36.2	40.8	1011.7	0	0	907	13	919	6.4	0.46	6.6	0	0.139	29.3	26	7.8	28	5.35	1.1536	---	---	0	---	---	---	---	230	1	100	10
82	23/09/2012	1:40p	38.1	38.4	38.1	18	9.7	4.9	WNW	2.95	7.2	WNW	38.1	36.7	36.7	40.9	1011.7	0	0	884	12.67	914	6.1	0.44	6.5	0	0.137	28.9	26	7.5	27.6	5.37	1.1555	---	---	0	---	---	---	---	229	1	100	10
83	23/09/2012	1:50p	37.4	38.1	37.4	19	9.9	5.4	WNW	3.22	8.5	NW	37.4	35.9	35.9	38.4	1011.6	0	0	332	4.76	868	5	0.36	6.1	0	0.132	29	27	8.1	27.8	5.55	1.1545	---	---	0	---	---	---	---	224	1	98.2	10
84	23/09/2012	2:00p	37.5	37.5	37	17	8.3	5.8	WNW	3.49	8.5	NW	37.5	35.8	35.9	40.3	1011.5	0	0	933	13.37	946	5.9	0.42	6.2	0	0.133	29.2	27	8.3	28	5.55	1.1534	---	---	0.84	---	---	---	---	226	1	99.1	10
85	23/09/2012	2:10p	37.4	37.6	37.3	17	8.3	6.7	WNW	4.02	9.4	WNW	37.4	35.8	35.9	40.1	1011.4	0	0	914	13.1	940	5.6	0.4	6	0	0.133	28.9	27	8	27.7	5.55	1.1548	---	---	0	---	---	---	---	230	1	100	10
86	23/09/2012	2:20p	37.3	37.5	37.3	16	7.3	6.7	WNW	4.02	9.8	WNW	37.3	35.5	35.6	39.9	1011.4	0	0	758	10.87	872	5.1	0.36	5.8	0	0.132	28.9	28	8.5	27.8	5.67	1.1543	---	---	0	---	---	---	---	233	1	100	10
87	23/09/2012	2:30p	36.9	37.3	36.8	17	7.8	6.7	WNW	4.02	9.8	NW	36.9	35.1	35.2	39.2	1011.2	0	0	611	8.76	779	4.5	0.32	5.2	0	0.129	29.1	28	8.7	27.9	5.66	1.1531	---	---	0	---	---	---	---	230	1	100	10
88	23/09/2012	2:40p	37.2	37.3	36.9	16	7.2	6.3	WNW	3.76	8.9	NW	37.2	35.4	35.4	39.7	1011.2	0	0	753	10.79	759	5	0.36	5.1	0	0.131	28.8	28	8.5	27.6	5.67	1.1546	---	---	0	---	---	---	---	233	1	100	10
89	23/09/2012	2:50p	37.1	37.2	37	17	8	7.2	WNW	4.29	9.8	WNW	37.1	35.4	35.6	39.7	1011.2	0	0	718	10.29	737	4.7	0.34	4.9	0	0.13	28.7	28	8.4	27.5	5.68	1.1551	---	---	0	---	---	---	---	229	1	100	10
90	23/09/2012	3:00p	36.7	37.1	36.7	20	10.1	6.7	WNW	4.02	9.4	NW	36.7	35.2	35.2	39.5	1011.1	0	0	693	9.93	705	4.4	0.31	4.5	0	0.127	29	28	8.6	27.9	5.67	1.1535	---	---	0.91	---	---	---	---	231	1	100	10
91	23/09/2012	3:10p	36.2	36.7	36.2	22	11.1	7.6	WNW	4.56	9.8	WNW	36.2	35.1	35.1	39.2	1011.1	0	0	657	9.42	677	4	0.29	4.2	0	0.124	28.8	29	9	27.7	5.85	1.1541	---	---	0	---	---	---	---	232	1	100	10
92	23/09/2012	3:20p	35.8	36.2	35.8	23	11.4	7.2	WNW	4.29	9.4	WNW	35.8	34.8	34.8	39	1011	0	0	632	9.06	642	3.7	0.26	3.8	0	0.121	28.6	30	9.3	27.5	6.05	1.1545	---	---	0	---	---	---	---	232	1	100	10
93	23/09/2012	3:30p	35.8	35.8	35.7	23	11.4	7.2	WNW	4.29	9.8	W	35.8	34.8	34.8	39	1011.1	0	0	604	8.66	615	3.4	0.24	3.5	0	0.121	28.9	30	9.6	27.9	6.05	1.153	---	---	0	---	---	---	---	230	1	100	10
94	23/09/2012	3:40p	35.6	35.8	35.6	23	11.3	7.2	WNW	4.29	9.4	WNW	35.6	34.6	34.6	38.7	1011	0	0	578	8.29	591	3.1	0.22	3.2	0	0.12	28.6	30	9.3	27.5	6.05	1.1545	---	---	0	---	---	---	---	230	1	100	10
95	23/09/2012	3:50p	35.4	35.6	35.4	21	9.8	7.2	WNW	4.29	9.4	WNW	35.4	34	34	38	1011	0	0	546	7.83	564	2.8	0.2	2.9	0	0.119	28.3	32	10.1	27.4	6.29	1.1546	---	---	0	---	---	---	---	230	1	100	10
96	23/09/2012	4:00p	35.4	35.4	35.4	21	9.7	7.2	WNW	4.29	9.4	WNW	35.4	33.9	33.9	37.8	1011	0	0	517	7.41	534	2.5	0.18	2.7	0	0.118	28.7	31	9.9	27.8	6.15	1.1535	---	---	0.81	---	---	---	---	227	1	99.6	10
97	23/09/2012	4:10p	35.2	35.5	35.2	21	9.6	7.6	WNW	4.56	9.4	WNW	35.2	33.7	33.7	37.4	1011	0	0	472	6.77	497	2.2	0.16	2.3	0	0.117	28.3	31	9.6	27.3	6.15	1.155	---	---	0	---	---	---	---	231	1	100	10
98	23/09/2012	4:20p	34.9	35.2	34.9	23	10.7	7.6	WNW	4.56	9.4	WNW	34.9	33.7	33.7	37.3	1010.9	0	0	448	6.42	455	2	0.14	2.1	0	0.115	28.2	32	10	27.3	6.29	1.155	---	---	0	---	---	---	---	234	1	100	10
99	23/09/2012	4:30p	34.8	34.9	34.8	23	10.6	7.2	WNW	4.29	9.8	WNW	34.8	33.6	33.6	37.3	1011	0	0	424	6.08	436	1.7	0.12	1.8	0	0.114	28.6	31	9.8	27.6	6.15	1.154	---	---	0	---	---	---	---	228	1	100	10
100	23/09/2012	4:40p	34.6	34.8	34.6	22	9.7	7.6	WNW	4.56	9.8	WNW	34.6	33.1	33.1	36.4	1011	0	0	382	5.48	401	1.5	0.11	1.6	0	0.113	28.2	31	9.5	27.2	6.15	1.1556	---	---	0	---	---	---	---	232	1	100	10
101	23/09/2012	4:50p	34.8	34.8	34.5	20	8.5	6.7	WNW	4.02	9.8	WNW	34.8	33	33	36.3	1011	0	0	346	4.96	364	1.3	0.09	1.4	0	0.114	28.1	32	9.9	27.2	6.3	1.1557	---	---	0	---	---	---	---	229	1	100	10
102	23/09/2012	5:00p	34.6	34.8	34.6	22	9.8	5.8	WNW	3.49	8.5	WNW	34.6	33.2	33.2	36.1	1011.2	0	0	264	3.78	330	1.1	0.08	1.2	0	0.113	28.4	31	9.7	27.4	6.15	1.1547	---	---	0.66	---	---	---	---	230	1	100	10
103	23/09/2012	5:10p	33.8	34.6	33.8	25	11.1	6.7	WNW	4.02	9.4	WNW	33.8	32.7	32.7	35.4	1011.1	0	0	252	3.61	276	0.9	0.06	1	0	0.108	28.1	31	9.4	27.1	6.15	1.1562	---	---	0	---	---	---	---	226	1	99.1	10
104	23/09/2012	5:20p	33	33.8	33	29	12.6	7.6	WNW	4.56	9.8	WNW	32.7	32.4	32.2	34.8	1011.1	0	0	246	3.53	260	0.8	0.06	0.9	0	0.102	28	31	9.3	27	6.15	1.1567	---	---	0	---	---	---	---	223	1	97.8	10
105	23/09/2012	5:30p	32.6	33	32.6	30	12.7	7.2	WNW	4.29	9.4	WNW	32.2	32.1	31.7	34	1011.2	0	0	203	2.91	223	0.7	0.05	0.7	0	0.099	28.3	32	10.1	27.4	6.29	1.1549	---	---	0	---	---	---	---	227	1	99.6	10
106	23/09/2012	5:40p	32.4	32.6	32.4	31	13.1	5.8	WNW	3.49	8	WNW	32.2	31.9	31.8	33.8	1011.2	0	0	162	2.32	179	0.5	0.04	0.6	0	0.098	27.9	33	10.1	27.1	6.46	1.1565	---	---	0	---	---	---	---	225	1	98.7	10
107	23/09/2012	5:50p	32.1	32.4	32.1	32	13.3	5.4	WNW	3.22	7.6	NW	31.9	31.7	31.5	32.9	1011.3	0	0	120	1.72	141	0.2	0.01	0.5	0	0.096	27.8	33	10.1	27	6.47	1.1569	---	---	0	---	---	---	---	222	1	97.4	10
108	23/09/2012	6:00p	31.7	32.1	31.7	32	13	5.4	WNW	3.22	7.6	WNW	31.4	30.9	30.7	30.9	1011.3	0	0	51	0.73	98	0	0	0	0	0.093	27.9	33	10.1	27.1	6.46	1.1566	---	---	0.41	---	---	---	---	225	1	98.7	10
109	23/09/2012	6:10p	31.5	31.7	31.5	32	12.8	5.4	WNW	3.22	6.7	WNW	31.2	30.6	30.3	30	1011.4	0	0	27	0.39	30	0	0	0	0	0.091	27.5	34	10.2	26.7	6.59	1.1581	---	---	0	---	---	---	---	225	1	98.7	10
110	23/09/2012	6:20p	31.3	31.4	31.3	32	12.7	4.5	WNW	2.68	6.3	WNW	31.2	30.4	30.2	29.2	1011.4	0	0	22	0.32	25	0	0	0	0	0.09	27.5	34	10.2	26.7	6.59	1.1581	---	---	0	---	---	---	---	225	1	98.7	10
111	23/09/2012	6:30p	31.1	31.3	31.1	32	12.5	4	WNW	2.41	5.8	WNW	30.9	30.1	29.9	28.8	1011.5	0	0	15	0.22	18	0	0	0	0	0.089	27.7	34	10.4	26.9	6.57	1.1572	---	---	0	---	---	---	---	226	1	99.1	10
112	23/09/2012	6:40p	30.8	31.1	30.8	33	12.7	4	WNW	2.41	4.9	WNW	30.7	30.1	29.9	28.7	1011.7	0	0	8	0.11	12	0	0	0	0	0.087	27.5	33	9.8	26.6	6.49	1.1588	---	---	0	---	---	---	---	229	1	100	10
113	23/09/2012	6:50p	30.3	30.8	30.3	33	12.2	2.7	WNW	1.61	4.5	WNW	30.3	29.6	29.6	28.2	1011.9	0	0	1	0.01	5	0	0	0	0	0.083	27.2	34	9.9	26.3	6.61	1.1603	---	---	0	---	---	---	---	229	1	100	10
114	23/09/2012	7:00p	29.8	30.3	29.8	34	12.3	1.8	NNE	1.07	3.6	N	29.8	29.3	29.3	27.9	1012	0	0	0	0	0	0	0	0	0	0.08	27.3	33	9.6	26.3	6.51	1.1603	---	---	0.18	---	---	---	---	228	1	100	10
115	23/09/2012	7:10p	29.7	29.8	29.6	33	11.7	2.7	WNW	1.61	5.4	WNW	29.7	29	29	27.6	1012	0	0	0	0	0	0	0	0	0	0.079	27.5	33	9.8	26.6	6.49	1.1592	---	---	0	---	---	---	---	228	1	100	10
116	23/09/2012	7:20p	29.9	29.9	29.7	32	11.5	4.5	WNW	2.68	5.8	WNW	29.5	29.2	28.8	27.5	1012.2	0	0	0	0	0	0	0	0	0	0.081	27.6	32	9.4	26.7	6.32	1.1593	---	---	0	---	---	---	---	230	1	100	10
117	23/09/2012	7:30p	29.7	30	29.7	32	11.2	2.2	WNW	1.34	4.5	WNW	29.7	28.9	28.9	27.4	1012.3	0	0	0	0	0	0	0	0	0	0.079	27.2	32	9	26.2	6.33	1.1616	---	---	0	---	---	---	---	227	1	99.6	10
118	23/09/2012	7:40p	29.3	29.6	29.2	33	11.3	3.1	WNW	1.88	5.8	WNW	29.3	28.6	28.6	27.2	1012.4	0	0	0	0	0	0	0	0	0	0.076	27.2	33	9.5	26.2	6.51	1.1612	---	---	0	---	---	---	---	229	1	100	10
119	23/09/2012	7:50p	28.8	29.3	28.8	35	11.8	2.7	WNW	1.61	5.4	WNW	28.8	28.4	28.4	27.1	1012.6	0	0	0	0	0	0	0	0	0	0.073	27.3	32	9.1	26.3	6.33	1.1614	---	---	0	---	---	---	---	229	1	100	10
120	23/09/2012	8:00p	28.4	28.8	28.4	35	11.5	1.8	NNW	1.07	3.6	N	28.4	27.8	27.8	26.4	1012.8	0	0	0	0	0	0	0	0	0	0.07	27.4	32	9.2	26.4	6.32	1.1611	---	---	0.15	---	---	---	---	227	1	99.6	10
121	23/09/2012	8:10p	28.2	28.4	28.2	35	11.3	1.8	N	1.07	3.6	NNW	28.2	27.5	27.5	26.1	1012.9	0	0	0	0	0	0	0	0	0	0.068	27.5	31	8.9	26.5	6.15	1.1611	---	---	0	---	---	---	---	229	1	100	10
122	23/09/2012	8:20p	27.9	28.2	27.9	34	10.6	1.3	NNE	0.8	2.7	NNW	27.9	27.1	27.1	25.7	1013	0	0	0	0	0	0	0	0	0	0.066	27.3	31	8.7	26.2	6.15	1.1622	---	---	0	---	---	---	---	226	1	99.1	10
123	23/09/2012	8:30p	27.5	27.9	27.5	36	11.1	1.8	NE	1.07	3.6	NE	27.5	26.8	26.8	25.3	1013.2	0	0	0	0	0	0	0	0	0	0.064	27.1	31	8.5	26	6.15	1.1635	---	---	0	---	---	---	---	229	1	100	10
124	23/09/2012	8:40p	27.2	27.5	27.2	36	10.8	2.7	NE	1.61	4	ENE	27.2	26.4	26.4	25	1013.2	0	0	0	0	0	0	0	0	0	0.062	27.2	31	8.6	26.1	6.15	1.163	---	---	0	---	---	---	---	227	1	99.6	10
125	23/09/2012	8:50p	27	27.2	27	36	10.7	3.1	NNE	1.88	5.4	NNE	27	26.2	26.2	24.8	1013.4	0	0	0	0	0	0	0	0	0	0.06	27.2	31	8.6	26.1	6.15	1.1632	---	---	0	---	---	---	---	227	1	99.6	10
126	23/09/2012	9:00p	26.7	27	26.7	37	10.8	3.6	NE	2.15	5.8	NE	26.5	26	25.8	24.4	1013.5	0	0	0	0	0	0	0	0	0	0.058	27.3	30	8.2	26.2	6.05	1.1632	---	---	0.13	---	---	---	---	226	1	99.1	10
127	23/09/2012	9:10p	26.5	26.7	26.5	39	11.4	3.6	NNE	2.15	5.4	N	26.3	25.9	25.7	24.3	1013.5	0	0	0	0	0	0	0	0	0	0.057	27.4	30	8.3	26.3	6.05	1.1627	---	---	0	---	---	---	---	224	1	98.2	10
128	23/09/2012	9:20p	26.1	26.5	26.1	39	11.1	3.6	NNE	2.15	4.9	NNE	25.9	25.6	25.4	24	1013.5	0	0	0	0	0	0	0	0	0	0.054	27.4	30	8.3	26.3	6.05	1.1627	---	---	0	---	---	---	---	223	1	97.8	10
129	23/09/2012	9:30p	25.8	26.1	25.8	41	11.5	3.1	NNE	1.88	4.9	NNE	25.8	25.3	25.3	23.9	1013.5	0	0	0	0	0	0	0	0	0	0.052	27.4	30	8.3	26.3	6.05	1.1628	---	---	0	---	---	---	---	225	1	98.7	10
130	23/09/2012	9:40p	25.6	25.8	25.6	41	11.4	3.1	N	1.88	4.5	NNE	25.6	25.2	25.2	23.7	1013.5	0	0	0	0	0	0	0	0	0	0.051	27.4	30	8.3	26.3	6.05	1.1627	---	---	0	---	---	---	---	226	1	99.1	10
131	23/09/2012	9:50p	25.2	25.6	25.2	43	11.7	2.2	N	1.34	3.6	NNW	25.2	24.9	24.9	23.5	1013.5	0	0	0	0	0	0	0	0	0	0.048	27.4	30	8.3	26.3	6.05	1.1628	---	---	0	---	---	---	---	225	1	98.7	10
132	23/09/2012	10:00p	25.2	25.3	25.2	43	11.7	3.1	NNW	1.88	4.5	NNW	25.2	24.8	24.8	23.4	1013.6	0	0	0	0	0	0	0	0	0	0.047	27.4	30	8.3	26.3	6.05	1.1628	---	---	0.13	---	---	---	---	224	1	98.2	10
133	23/09/2012	10:10p	24.9	25.2	24.9	45	12.2	2.7	NNW	1.61	3.6	NNW	24.9	24.7	24.7	23.3	1013.6	0	0	0	0	0	0	0	0	0	0.046	27.4	30	8.3	26.3	6.05	1.1629	---	---	0	---	---	---	---	225	1	98.7	10
134	23/09/2012	10:20p	24.7	24.9	24.7	46	12.3	3.1	NNW	1.88	4.5	NNW	24.7	24.5	24.5	23.1	1013.6	0	0	0	0	0	0	0	0	0	0.044	27.3	30	8.2	26.2	6.05	1.1634	---	---	0	---	---	---	---	225	1	98.7	10
135	23/09/2012	10:30p	24.4	24.7	24.4	48	12.7	3.1	NNW	1.88	4.5	NNW	24.4	24.3	24.3	22.9	1013.5	0	0	0	0	0	0	0	0	0	0.042	27.3	30	8.2	26.2	6.05	1.1633	---	---	0	---	---	---	---	225	1	98.7	10
136	23/09/2012	10:40p	24	24.4	24	49	12.6	2.7	NW	1.61	4	NNW	24	24	24	22.6	1013.5	0	0	0	0	0	0	0	0	0	0.039	27.3	31	8.7	26.2	6.15	1.1628	---	---	0	---	---	---	---	223	1	97.8	10
137	23/09/2012	10:50p	23.7	24	23.6	51	12.9	2.2	NW	1.34	3.1	NNW	23.7	23.7	23.7	22.3	1013.5	0	0	0	0	0	0	0	0	0	0.037	27.3	31	8.7	26.2	6.15	1.1629	---	---	0	---	---	---	---	220	1	96.5	10
138	23/09/2012	11:00p	23.4	23.6	23.4	51	12.7	2.2	NW	1.34	3.1	NW	23.4	23.4	23.4	22	1013.5	0	0	0	0	0	0	0	0	0	0.035	27.2	31	8.6	26.1	6.15	1.1634	---	---	0.1	---	---	---	---	223	1	97.8	10
139	23/09/2012	11:10p	23.5	23.6	23.4	51	12.8	1.8	NW	1.07	3.1	NNW	23.5	23.4	23.4	22.1	1013.5	0	0	0	0	0	0	0	0	0	0.036	27.2	32	9	26.2	6.33	1.1629	---	---	0	---	---	---	---	224	1	98.2	10
140	23/09/2012	11:20p	23.6	23.6	23.5	51	12.8	1.8	NW	1.07	2.7	NW	23.6	23.6	23.6	22.2	1013.7	0	0	0	0	0	0	0	0	0	0.036	27.2	32	9	26.2	6.33	1.1631	---	---	0	---	---	---	---	225	1	98.7	10
141	23/09/2012	11:30p	23.4	23.6	23.4	51	12.7	1.8	NNW	1.07	2.2	NW	23.4	23.4	23.4	22	1013.8	0	0	0	0	0	0	0	0	0	0.035	27.2	32	9	26.2	6.33	1.1632	---	---	0	---	---	---	---	222	1	97.4	10
142	23/09/2012	11:40p	23.3	23.4	23.2	48	11.6	1.3	NE	0.8	1.8	N	23.3	23.1	23.1	21.6	1013.7	0	0	0	0	0	0	0	0	0	0.034	27.1	32	8.9	26.1	6.34	1.1637	---	---	0	---	---	---	---	220	1	96.5	10
143	23/09/2012	11:50p	23.5	23.5	23.3	47	11.5	1.8	NE	1.07	2.2	NE	23.5	23.3	23.3	21.8	1013.7	0	0	0	0	0	0	0	0	0	0.036	27.1	32	8.9	26.1	6.34	1.1637	---	---	0	---	---	---	---	221	1	96.9	10
	24/09/2012	12:00a	23.7	23.7	23.5	48	12	1.8	NNW	1.07	2.2	NNW	23.7	23.6	23.6	22.2	1013.7	0	0	0	0	0	0	0	0	0	0.037	27.1	32	8.9	26.1	6.34	1.1636	---	---	0.08	---	---	---	---	225	1	98.7	10
	24/09/2012	12:10a	23.3	23.7	23.3	48	11.6	1.3	NW	0.8	1.8	NW	23.3	23.1	23.1	21.6	1013.7	0	0	0	0	0	0	0	0	0	0.034	27	32	8.9	26	6.34	1.1639	---	---	0	---	---	---	---	223	1	97.8	10
	24/09/2012	12:20a	23.2	23.3	23.2	48	11.5	1.3	NW	0.8	1.8	NW	23.2	22.9	22.9	21.4	1013.7	0	0	0	0	0	0	0	0	0	0.034	27	32	8.9	26	6.34	1.1639	---	---	0	---	---	---	---	223	1	97.8	10
	24/09/2012	12:30a	22.9	23.2	22.8	48	11.3	1.3	NW	0.8	2.2	NW	22.9	22.6	22.6	21.2	1013.7	0	0	0	0	0	0	0	0	0	0.032	26.9	32	8.8	25.9	6.34	1.1644	---	---	0	---	---	---	---	220	1	96.5	10
	24/09/2012	12:40a	23.6	23.6	22.9	47	11.6	0.4	NW	0.27	1.3	NW	23.6	23.4	23.4	21.9	1013.6	0	0	0	0	0	0	0	0	0	0.036	26.9	32	8.8	25.9	6.34	1.1643	---	---	0	---	---	---	---	219	1	96.1	10
	24/09/2012	12:50a	23.3	23.7	23.3	46	11.1	0	NW	0	1.3	NW	23.3	23.1	23.1	21.6	1013.7	0	0	0	0	0	0	0	0	0	0.035	26.8	31	8.2	25.7	6.15	1.1653	---	---	0	---	---	---	---	220	1	96.5	10
	24/09/2012	1:00a	22.9	23.3	22.9	48	11.3	1.3	NW	0.8	2.2	NW	22.9	22.6	22.6	21.2	1013.7	0	0	0	0	0	0	0	0	0	0.032	26.8	31	8.2	25.7	6.15	1.1653	---	---	0.08	---	---	---	---	220	1	96.5	10
	24/09/2012	1:10a	23.2	23.2	22.9	46	11	0.9	NNW	0.54	1.8	NW	23.2	22.9	22.9	21.4	1013.6	0	0	0	0	0	0	0	0	0	0.034	26.8	31	8.2	25.7	6.15	1.1653	---	---	0	---	---	---	---	225	1	98.7	10
	24/09/2012	1:20a	22.8	23.2	22.8	47	10.9	0.9	NNW	0.54	1.8	NNW	22.8	22.4	22.4	21	1013.7	0	0	0	0	0	0	0	0	0	0.031	26.7	31	8.1	25.6	6.15	1.1659	---	---	0	---	---	---	---	225	1	98.7	10
	24/09/2012	1:30a	22.7	23.1	22.7	46	10.5	0.4	NNW	0.27	1.3	NNW	22.7	22.2	22.2	20.7	1013.7	0	0	0	0	0	0	0	0	0	0.03	26.7	31	8.1	25.6	6.15	1.1659	---	---	0	---	---	---	---	224	1	98.2	10
	24/09/2012	1:40a	22.6	22.7	22.5	48	11	0	NNW	0	0.9	NNW	22.6	22.1	22.1	20.7	1013.8	0	0	0	0	0	0	0	0	0	0.029	26.6	31	8	25.5	6.15	1.1665	---	---	0	---	---	---	---	226	1	99.1	10
	24/09/2012	1:50a	22.3	22.6	22.3	48	10.8	0	---	0	0	---	22.3	21.8	21.8	20.3	1013.8	0	0	0	0	0	0	0	0	0	0.028	26.6	31	8	25.5	6.15	1.1665	---	---	0	---	---	---	---	225	1	98.7	10
	24/09/2012	2:00a	22.1	22.3	22.1	49	10.9	0	---	0	0	---	22.1	21.5	21.5	20.1	1013.7	0	0	0	0	0	0	0	0	0	0.026	26.4	31	7.9	25.4	6.16	1.1669	---	---	0.05	---	---	---	---	224	1	98.2	10
	24/09/2012	2:10a	22.3	22.3	22.1	49	11.1	0	---	0	0	---	22.3	21.8	21.8	20.4	1013.7	0	0	0	0	0	0	0	0	0	0.028	26.4	31	7.9	25.4	6.16	1.1669	---	---	0	---	---	---	---	223	1	97.8	10
	24/09/2012	2:20a	22.4	22.4	22.3	47	10.5	0	---	0	0	---	22.4	21.8	21.8	20.3	1013.6	0	0	0	0	0	0	0	0	0	0.028	26.4	31	7.9	25.4	6.16	1.1668	---	---	0	---	---	---	---	223	1	97.8	10
	24/09/2012	2:30a	22.2	22.4	22.2	47	10.4	0	---	0	0	---	22.2	21.6	21.6	20.1	1013.5	0	0	0	0	0	0	0	0	0	0.027	26.3	31	7.8	25.3	6.16	1.1672	---	---	0	---	---	---	---	222	1	97.4	10
	24/09/2012	2:40a	22.4	22.4	22.2	47	10.6	0	---	0	0	---	22.4	21.9	21.9	20.4	1013.4	0	0	0	0	0	0	0	0	0	0.029	26.3	31	7.8	25.3	6.16	1.1671	---	---	0	---	---	---	---	227	1	99.6	10
	24/09/2012	2:50a	22.2	22.4	22.2	47	10.4	0	---	0	0	---	22.2	21.6	21.6	20.1	1013.4	0	0	0	0	0	0	0	0	0	0.027	26.3	31	7.8	25.3	6.16	1.1674	---	---	0	---	---	---	---	227	1	99.6	10
	24/09/2012	3:00a	22.3	22.3	22.2	47	10.4	0	---	0	0	---	22.3	21.6	21.6	20.1	1013.4	0	0	0	0	0	0	0	0	0	0.027	26.3	31	7.8	25.3	6.16	1.1673	---	---	0.05	---	---	---	---	230	1	100	10
	24/09/2012	3:10a	22.1	22.3	22	48	10.5	0	---	0	0	---	22.1	21.3	21.3	19.8	1013.3	0	0	0	0	0	0	0	0	0	0.026	26.3	31	7.8	25.3	6.16	1.1672	---	---	0	---	---	---	---	225	1	98.7	10
	24/09/2012	3:20a	21.9	22.1	21.9	48	10.4	0	---	0	0	---	21.9	21.1	21.1	19.6	1013.3	0	0	0	0	0	0	0	0	0	0.025	26.2	31	7.7	25.2	6.17	1.1677	---	---	0	---	---	---	---	225	1	98.7	10
	24/09/2012	3:30a	21.8	21.9	21.8	49	10.6	0	---	0	0	---	21.8	21.1	21.1	19.7	1013.2	0	0	0	0	0	0	0	0	0	0.024	26.2	31	7.7	25.2	6.17	1.1677	---	---	0	---	---	---	---	229	1	100	10
	24/09/2012	3:40a	21.8	21.8	21.8	49	10.6	0	---	0	0	---	21.8	21.1	21.1	19.7	1013.3	0	0	0	0	0	0	0	0	0	0.024	26.1	31	7.6	25.1	6.17	1.1683	---	---	0	---	---	---	---	226	1	99.1	10
	24/09/2012	3:50a	21.8	21.8	21.8	49	10.6	0	---	0	0	---	21.8	21	21	19.6	1013.1	0	0	0	0	0	0	0	0	0	0.024	26.1	31	7.6	25.1	6.17	1.168	---	---	0	---	---	---	---	225	1	98.7	10
	24/09/2012	4:00a	21.8	21.8	21.8	49	10.6	0	---	0	0	---	21.8	21	21	19.6	1013.2	0	0	0	0	0	0	0	0	0	0.024	26.1	31	7.6	25.1	6.17	1.1681	---	---	0.05	---	---	---	---	228	1	100	10
	24/09/2012	4:10a	21.3	21.8	21.3	50	10.5	0	---	0	0	---	21.3	20.4	20.4	18.9	1013.1	0	0	0	0	0	0	0	0	0	0.021	25.9	31	7.5	25.1	6.18	1.1686	---	---	0	---	---	---	---	226	1	99.1	10
	24/09/2012	4:20a	21.1	21.3	21.1	50	10.2	0	---	0	0	---	21.1	20.1	20.1	18.6	1013.2	0	0	0	0	0	0	0	0	0	0.019	25.9	31	7.5	25.1	6.18	1.1686	---	---	0	---	---	---	---	226	1	99.1	10
	24/09/2012	4:30a	20.7	21.1	20.7	52	10.5	0	---	0	0	---	20.7	19.9	19.9	18.4	1013.2	0	0	0	0	0	0	0	0	0	0.016	25.8	31	7.4	24.9	6.18	1.1691	---	---	0	---	---	---	---	227	1	99.6	10
	24/09/2012	4:40a	20.7	20.7	20.6	52	10.5	0	---	0	0	---	20.7	20	20	18.5	1013.2	0	0	0	0	0	0	0	0	0	0.017	25.8	31	7.4	24.9	6.18	1.1692	---	---	0	---	---	---	---	225	1	98.7	10
	24/09/2012	4:50a	20.5	20.7	20.5	52	10.3	0	---	0	0	---	20.5	19.8	19.8	18.3	1013.3	0	0	0	0	0	0	0	0	0	0.015	25.7	31	7.3	24.8	6.18	1.1698	---	---	0	---	---	---	---	228	1	100	10
	24/09/2012	5:00a	20.6	20.7	20.5	52	10.4	0	---	0	0	---	20.6	19.9	19.9	18.4	1013.3	0	0	0	0	0	0	0	0	0	0.016	25.7	31	7.3	24.8	6.18	1.1698	---	---	0.05	---	---	---	---	225	1	98.7	10
	24/09/2012	5:10a	20.5	20.6	20.4	52	10.3	0.4	NNW	0.27	0.9	NNW	20.5	19.8	19.8	18.3	1013.3	0	0	0	0	0	0	0	0	0	0.015	25.6	31	7.2	24.7	6.19	1.1704	---	---	0	---	---	---	---	227	1	99.6	10
	24/09/2012	5:20a	20.6	20.6	20.4	51	10.1	0.4	NNW	0.27	0.9	NNW	20.6	19.8	19.8	18.3	1013.4	0	0	0	0	0	0	0	0	0	0.015	25.4	30	6.6	24.6	6.05	1.1716	---	---	0	---	---	---	---	226	1	99.1	10
	24/09/2012	5:30a	20.6	20.6	20.6	50	9.8	0	NNW	0	0.4	NNW	20.6	19.8	19.8	18.3	1013.5	0	0	0	0	0	0	0	0	0	0.015	24.4	30	5.7	23.6	6.05	1.1763	---	---	0	---	---	---	---	222	1	97.4	10
	24/09/2012	5:40a	20.4	20.6	20.3	51	10	0	NNW	0	0.4	NNW	20.4	19.7	19.7	18.2	1013.7	0	0	0	0	0	0	0	0	0	0.015	23.6	30	5	22.6	6.07	1.1805	---	---	0	---	---	---	---	223	1	97.8	10
	24/09/2012	5:50a	20.3	20.4	20.3	51	9.8	0.4	NNW	0.27	1.3	NNW	20.3	19.6	19.6	18.1	1013.8	0	0	0	0	0	0	0	0	0	0.014	22.8	35	6.6	21.8	6.99	1.1823	---	---	0	---	---	---	---	225	1	98.7	10
	24/09/2012	6:00a	20.4	20.4	20.2	51	9.9	0.9	NNW	0.54	1.3	NNW	20.4	19.7	19.7	18.2	1013.8	0	0	0	0	0	0	0	0	0	0.014	22.9	35	6.6	21.9	6.99	1.1821	---	---	0.05	---	---	---	---	222	1	97.4	10
	24/09/2012	6:10a	20.7	20.7	20.4	50	9.9	0.9	NNW	0.54	1.3	NNW	20.7	19.8	19.8	18.3	1013.8	0	0	0	0	0	0	0	0	0	0.016	23.2	35	6.9	22.3	6.98	1.1808	---	---	0	---	---	---	---	227	1	99.6	10
	24/09/2012	6:20a	20.8	20.8	20.6	49	9.7	0.4	NNW	0.27	1.3	NNW	20.8	19.9	19.9	18.4	1013.9	0	0	0	0	0	0	0	0	0	0.017	22.7	37	7.3	21.8	7.29	1.1824	---	---	0	---	---	---	---	226	1	99.1	10
	24/09/2012	6:30a	20.8	20.9	20.8	48	9.4	0	NNW	0	0.9	NNW	20.8	19.8	19.8	18.3	1014	0	0	0	0	0	0	0	0	0	0.017	22.5	38	7.5	21.5	7.45	1.1832	---	---	0	---	---	---	---	224	1	98.2	10
	24/09/2012	6:40a	20.3	20.8	20.3	50	9.6	0	NNW	0	0.9	NNW	20.3	19.6	19.6	18.1	1014	0	0	3	0.04	7	0	0	0	0	0.014	22.9	39	8.2	22.2	7.59	1.181	---	---	0	---	---	---	---	225	1	98.7	10
	24/09/2012	6:50a	20.1	20.3	20.1	51	9.7	0	NNW	0	0.4	NNW	20.1	19.4	19.4	18.1	1014.1	0	0	11	0.16	14	0	0	0	0	0.012	23.1	37	7.6	22.4	7.28	1.1807	---	---	0	---	---	---	---	226	1	99.1	10
	24/09/2012	7:00a	19.6	20.1	19.6	52	9.4	0	---	0	0	---	19.6	18.9	18.9	17.6	1014.1	0	0	17	0.24	21	0	0	0	0	0.008	22.6	39	7.9	21.7	7.6	1.1825	---	---	0.03	---	---	---	---	228	1	100	10
	24/09/2012	7:10a	18.8	19.6	18.8	56	9.9	0	NNW	0	0.4	NNW	18.8	18.3	18.3	17.2	1014.2	0	0	32	0.46	42	0	0	0	0	0.003	22.7	40	8.4	21.9	7.69	1.1818	---	---	0	---	---	---	---	228	1	100	10
	24/09/2012	7:20a	18.7	19.1	18.7	57	10	0	NNW	0	0.9	NNW	18.7	18.1	18.1	18.3	1014.3	0	0	55	0.79	67	0	0	0	0	0.002	23.1	39	8.4	22.5	7.58	1.1804	---	---	0	---	---	---	---	227	1	99.6	10
	24/09/2012	7:30a	19.2	19.2	18.7	55	9.9	0	SSW	0	1.3	NW	19.2	18.6	18.6	19.5	1014.5	0	0	85	1.22	100	0	0	0	0	0.006	22.8	39	8.1	22.1	7.59	1.1819	---	---	0	---	---	---	---	227	1	99.6	10
	24/09/2012	7:40a	20.1	20.1	19.2	53	10.2	0	SSW	0	0.4	SSW	20.1	19.6	19.6	21.2	1014.5	0	0	121	1.73	139	0	0	0	0	0.012	22.6	41	8.7	21.8	7.84	1.1824	---	---	0	---	---	---	---	226	1	99.1	10
	24/09/2012	7:50a	20.6	20.6	20.1	52	10.4	0	SSE	0	0.9	SSE	20.6	19.9	19.9	22.3	1014.6	0	0	159	2.28	176	0.5	0.04	0.5	0	0.016	23	41	9	22.4	7.81	1.1806	---	---	0	---	---	---	---	228	1	100	10
	24/09/2012	8:00a	21.6	21.6	20.6	48	10.1	0	---	0	0	---	21.6	20.7	20.7	23.8	1014.7	0	0	197	2.82	213	0.6	0.04	0.7	0	0.023	23.2	38	8.1	22.5	7.4	1.1809	---	---	0.08	---	---	---	---	229	1	100	10
	24/09/2012	8:10a	22.9	22.9	21.6	46	10.7	0	SSE	0	0.4	SSE	22.9	22.4	22.4	26	1014.7	0	0	232	3.33	248	0.8	0.06	0.9	0	0.032	22.8	41	8.9	22.2	7.83	1.1815	---	---	0	---	---	---	---	221	1	96.9	10
	24/09/2012	8:20a	23.6	23.6	22.9	43	10.2	0.4	SSE	0.27	1.8	SSE	23.6	23.2	23.2	27.2	1014.8	0	0	266	3.81	281	0.9	0.06	1	0	0.036	23.1	41	9.1	22.6	7.81	1.1802	---	---	0	---	---	---	---	229	1	100	10
	24/09/2012	8:30a	23.3	23.8	23.3	43	10	0.4	SE	0.27	1.3	ESE	23.3	22.9	22.9	27.2	1014.8	0	0	302	4.33	318	1.1	0.08	1.2	0	0.035	23.5	39	8.7	22.9	7.56	1.1791	---	---	0	---	---	---	---	227	1	99.6	10
	24/09/2012	8:40a	24.2	24.2	23.3	42	10.4	0.4	SE	0.27	1.8	SE	24.2	23.8	23.8	28.3	1014.9	0	0	335	4.8	350	1.3	0.09	1.3	0	0.041	23.1	41	9.1	22.6	7.81	1.1804	---	---	0	---	---	---	---	231	1	100	10
	24/09/2012	8:50a	24.2	24.5	24	41	10.1	0.9	SE	0.54	1.8	WSW	24.2	23.8	23.8	28.6	1015.1	0	0	370	5.3	387	1.5	0.11	1.6	0	0.041	23.3	41	9.3	22.8	7.79	1.1798	---	---	0	---	---	---	---	229	1	100	10
	24/09/2012	9:00a	24.9	24.9	24.2	39	10	0.9	SSE	0.54	2.2	SSE	24.9	24.4	24.4	29.4	1015	0	0	403	5.78	417	1.7	0.12	1.8	0	0.046	23.7	40	9.3	23.2	7.66	1.1782	---	---	0.23	---	---	---	---	222	1	97.4	10
	24/09/2012	9:10a	25.3	25.3	24.7	38	10	0.4	SSW	0.27	2.2	SE	25.3	24.8	24.8	29.9	1015	0	0	436	6.25	452	1.9	0.14	2	0	0.049	23.4	39	8.6	22.8	7.57	1.1799	---	---	0	---	---	---	---	221	1	96.9	10
	24/09/2012	9:20a	26.7	26.7	25.4	34	9.5	0	SSW	0	1.8	SSW	26.7	25.8	25.8	31.1	1015	0	0	468	6.71	483	2.2	0.16	2.3	0	0.058	23.4	43	10.1	23	8.09	1.1785	---	---	0	---	---	---	---	224	1	98.2	10
	24/09/2012	9:30a	27.7	27.7	26.6	32	9.5	0.4	S	0.27	2.2	SSE	27.7	26.7	26.7	32.2	1015.2	0	0	500	7.17	515	2.5	0.18	2.6	0	0.065	23.8	41	9.7	23.4	7.76	1.1775	---	---	0	---	---	---	---	224	1	98.2	10
	24/09/2012	9:40a	28.2	28.2	27.6	31	9.4	0.4	SSE	0.27	1.3	SSE	28.2	27.2	27.2	32.7	1015	0	0	530	7.6	545	2.8	0.2	2.9	0	0.068	23.7	40	9.3	23.2	7.66	1.1782	---	---	0	---	---	---	---	227	1	99.6	10
	24/09/2012	9:50a	29.1	29.1	28.2	29	9.3	0	ESE	0	0.9	ESE	29.1	28.1	28.1	33.6	1014.9	0	0	560	8.03	573	3.1	0.22	3.2	0	0.075	23.9	42	10.2	23.6	7.95	1.1761	---	---	0	---	---	---	---	225	1	98.7	10
	24/09/2012	10:00a	29.7	29.9	29.2	28	9.3	0	ESE	0	1.3	ESE	29.7	28.6	28.6	34.2	1014.9	0	0	590	8.46	605	3.4	0.24	3.5	0	0.079	24.2	40	9.7	23.7	7.64	1.1757	---	---	0.36	---	---	---	---	224	1	98.2	10
	24/09/2012	10:10a	30.9	30.9	29.7	26	9.2	0	ESE	0	1.3	ESE	30.9	29.3	29.3	35	1014.8	0	0	615	8.82	624	3.7	0.26	3.8	0	0.087	24.3	39	9.4	23.8	7.54	1.1754	---	---	0	---	---	---	---	226	1	99.1	10
	24/09/2012	10:20a	31.7	31.7	30.9	25	9.2	0.4	SE	0.27	1.8	SE	31.7	30	30	35.7	1014.7	0	0	640	9.17	652	4	0.29	4.1	0	0.093	24.1	39	9.2	23.6	7.54	1.1764	---	---	0	---	---	---	---	226	1	99.1	10
	24/09/2012	10:30a	32.1	32.1	31.6	24	9	0.9	SE	0.54	3.1	SE	32.1	30.6	30.6	36.3	1014.7	0	0	660	9.46	671	4.2	0.3	4.4	0	0.096	24.2	39	9.3	23.7	7.54	1.1758	---	---	0	---	---	---	---	217	1	95.2	10
	24/09/2012	10:40a	31.4	32.2	31.3	25	9	1.3	S	0.8	3.1	SE	31.4	29.8	29.8	35.6	1014.5	0	0	685	9.82	696	4.5	0.32	4.6	0	0.091	24.2	39	9.3	23.7	7.54	1.1756	---	---	0	---	---	---	---	218	1	95.6	10
	24/09/2012	10:50a	32.1	32.1	31.2	23	8.4	0.9	SSW	0.54	2.7	S	32.1	30.4	30.4	36.2	1014.3	0	0	703	10.08	715	4.8	0.34	4.9	0	0.096	24.3	38	9	23.7	7.34	1.1752	---	---	0	---	---	---	---	222	1	97.4	10
	24/09/2012	11:00a	33.4	33.4	32.2	22	8.8	0.9	SSE	0.54	2.7	SSE	33.4	31.8	31.8	37.6	1014.2	0	0	724	10.38	733	5	0.36	5.2	0	0.105	24.3	38	9.1	23.8	7.33	1.1748	---	---	0.51	---	---	---	---	224	1	98.2	10
	24/09/2012	11:10a	33.5	33.6	33.4	21	8.2	0.9	ESE	0.54	3.1	S	33.5	31.8	31.8	37.6	1014.1	0	0	743	10.65	758	5.3	0.38	5.4	0	0.105	24.6	37	8.9	24	7.23	1.1739	---	---	0	---	---	---	---	226	1	99.1	10
	24/09/2012	11:20a	33.7	33.7	33.2	21	8.3	0.9	NE	0.54	2.2	NE	33.7	31.9	31.9	37.8	1014	0	0	764	10.95	770	5.6	0.4	5.7	0	0.106	24.7	37	9	24.1	7.22	1.1733	---	---	0	---	---	---	---	223	1	97.8	10
	24/09/2012	11:30a	33.8	34.4	33.7	20	7.7	0.9	W	0.54	2.7	W	33.8	32	32	37.8	1013.9	0	0	775	11.11	782	5.8	0.41	5.8	0	0.108	24.7	36	8.6	24.1	7.02	1.1732	---	---	0	---	---	---	---	228	1	100	10
	24/09/2012	11:40a	34	34.1	33.7	20	7.9	1.8	WNW	1.07	5.4	WNW	34	32.2	32.2	38.1	1013.8	0	0	792	11.35	796	6	0.43	6.1	0	0.109	24.8	36	8.7	24.3	7.02	1.1727	---	---	0	---	---	---	---	221	1	96.9	10
	24/09/2012	11:50a	33.5	34	33.5	20	7.5	2.7	WNW	1.61	5.8	WNW	33.5	31.6	31.6	37.4	1013.7	0	0	800	11.47	803	6.2	0.44	6.2	0	0.105	24.9	35	8.4	24.4	6.91	1.1724	---	---	0	---	---	---	---	220	1	96.5	10
	24/09/2012	12:00p	33.8	33.8	33.5	20	7.7	2.2	WNW	1.34	5.4	WNW	33.8	32	32	37.9	1013.6	0	0	808	11.58	814	6.3	0.45	6.3	0	0.108	24.9	35	8.4	24.4	6.91	1.1723	---	---	0.63	---	---	---	---	225	1	98.7	10
